627615.0 7452488.0
628287.0 7453384.0
627237.0 7453285.0
626693.0 7453811.0
628199.0 7451828.0
628283.0 7454433.0
626543.0 7452370.0
629061.0 7452702.0
626952.0 7454338.0
627686.0 7451501.0
628978.0 7454297.0
626124.0 7452986.0
629178.0 7451892.0
627389.0 7455123.0
626640.0 7451943.0
627685.0 7452525.0
628211.0 7453421.0
627240.0 7453368.0
630121.0 7455276.0
626659.1 7456623.9
624771.6 7455172.9
630815.8 7455710.4
629490.2 7450388.2
625036.7 7455226.3
631734.4 7451128.6
631521.0 7455321.0
623018.6 7454977.5
631275.9 7446977.7
631556.8 7458399.5
631631.2 7455746.8
631269.6 7450944.9
631778.0 7456289.0
632566.2 7451197.9
631358.0 7455681.0
633085.5 7461307.3
626159.9 7457081.8
625901.9 7457210.2
623426.7 7455065.0
630178.0 7448780.1
632179.4 7456591.2
633155.0 7447659.0
631980.1 7456899.0
621357.9 7454974.9
631114.9 7447761.9
632742.0 7459525.3
621545.7 7454325.3
631684.7 7457414.7
634062.0 7447310.0
620086.3 7453669.8
634342.4 7461615.5
